P -1562.9196, 2082.1348, 82.0570,  240, 0, 0,  3,  Sea_Glass
P -1445.4175, 552.9056, -10.8355,  0, 0, 0,  3,  Crossing_Coconuts
P -3684.6553, 53.5825, -215.6086,  0, 127, 127,  3,  Sharks
P -3654.6338, 1962.2406, -131.4003,  0, 127, 127,  3,  Sharks
P -2818.9114, -1272.8396, -145.7237,  0, 127, 127,  3,  Sharks
P -1957.7510, 99.3753, -287.7971,  0, 127, 127,  3,  Undead
P -2097.3350, 1182.6636, -55.4979,  0, 127, 127,  3,  Undead
P -3344.8306, 1216.5476, -295.6930,  0, 240, 240,  3,  Undead_(*)
P -796.6270, 436.4810, -50.8352,  0, 127, 127,  3,  Seahorse
P -1230.9606, 1786.8534, -16.0723,  0, 0, 0,  3,  X
P -1400.9662, 1769.1189, -16.6005,  0, 0, 0,  3,  X
P -1573.3511, 1700.8351, -15.6676,  0, 0, 0,  3,  X
P -1877.5143, 858.1946, -15.9981,  0, 0, 0,  3,  X
P -1174.8125, 652.2363, -14.9297,  0, 0, 0,  3,  X
P -1075.0458, 405.6805, -66.4899,  0, 0, 0,  3,  X
P -1122.9506, 1013.4539, 125.2190,  240, 0, 0,  3,  X
P -1412.7018, 1142.7415, 103.7021,  240, 0, 0,  3,  X
P -1586.1790, 1100.5264, 99.9436,  0, 0, 0,  3,  X
P -1253.4624, 1515.3599, 81.9030,  0, 0, 0,  3,  X
P -1000.8818, 1101.0967, 88.7007,  0, 0, 0,  3,  X
P -1041.9303, 832.0095, 23.9669,  240, 0, 0,  3,  X
P -1096.7852, 837.6356, 39.2553,  0, 0, 0,  3,  X
P -1401.4347, 808.6055, 47.7967,  0, 0, 0,  3,  X
P -1625.5392, 1458.6310, 55.3214,  0, 0, 0,  3,  X
P -1569.5940, 1534.9186, 52.9648,  0, 0, 0,  3,  X
P -1461.8140, 1386.8196, 113.6589,  0, 0, 0,  3,  X
P -1806.4988, 633.7209, -14.6095,  0, 0, 0,  3,  X
P -1097.5011, 2351.4185, -292.7616,  240, 0, 0,  3,  X
P -797.4094, 1505.6427, 10.2135,  0, 0, 0,  3,  X
P -598.1865, 2035.1625, -63.0859,  240, 0, 0,  3,  X
P -309.7808, 2913.1553, -295.7238,  240, 0, 0,  3,  X
P -992.3245, 1557.4667, 34.3157,  0, 0, 0,  3,  X
P -1765.3943, 2374.3245, -295.7285,  240, 0, 0,  3,  X
P -1290.9806, 1211.7865, -1.4012,  0, 0, 0,  3,  X
P -1636.5907, 993.3088, 59.8612,  0, 0, 0,  3,  X
P -2028.4065, 490.4762, -55.0696,  0, 0, 0,  3,  X
P -1752.2942, 292.9585, -295.1856,  0, 0, 0,  3,  X
P -2722.1919, -746.4365, -295.7187,  240, 0, 0,  3,  X
P -2112.4036, 1369.3058, -60.3433,  0, 0, 0,  3,  X
P -1925.3965, 1022.2595, -40.3629,  240, 0, 0,  3,  X
P -1796.3595, 760.4647, -18.2283,  0, 0, 0,  3,  X
P -1447.7549, 640.7784, -16.1686,  0, 0, 0,  3,  X
P -503.3964, 758.8315, -66.5721,  0, 0, 0,  3,  X
P -765.3625, 867.8434, -15.0510,  0, 0, 0,  3,  X
P -740.5342, 1415.4104, -17.0024,  0, 0, 0,  3,  X
P -776.2938, 1818.4606, -17.3688,  0, 0, 0,  3,  X
P -860.2216, 2729.8611, -294.6052,  240, 0, 0,  3,  X
P -1560.9989, 1998.3545, -56.9709,  240, 0, 0,  3,  X
P -2129.1951, 1695.2244, -65.4770,  240, 0, 0,  3,  X
P 1533.5238, 1584.9672, -295.7164,  240, 0, 0,  3,  X
P 53.8489, 997.7419, -294.6683,  240, 0, 0,  3,  X
P -1636.4025, 1400.9478, 81.0307,  0, 0, 0,  3,  X
P -1632.5883, 1157.1709, 77.9547,  0, 0, 0,  3,  X
P -1474.4579, 858.9156, 79.5206,  0, 0, 0,  3,  X
P -1337.0999, 757.5576, 29.0640,  240, 0, 0,  3,  X
P -2793.3230, 1944.9916, -295.7215,  240, 0, 0,  3,  X
P -2429.2825, 2027.1227, -295.7176,  240, 0, 0,  3,  X
P -2366.1736, 1392.4064, -295.7310,  240, 0, 0,  3,  X
P -1415.5186, 2553.2781, -295.6784,  240, 0, 0,  3,  X
P -2122.4517, 1144.3224, -60.8537,  0, 0, 0,  3,  X
P -3456.7056, 765.5289, -294.0448,  240, 0, 0,  3,  X
P -2626.9341, 435.7668, -295.7321,  240, 0, 0,  3,  X
P -2488.2571, -40.3123, -295.7188,  240, 0, 0,  3,  X
P -2345.6719, -287.1382, -295.7166,  240, 0, 0,  3,  X
P -1840.8953, -359.0390, -295.7231,  240, 0, 0,  3,  X
P -1300.5143, -527.2922, -295.7165,  240, 0, 0,  3,  X
P -1003.8704, 662.9083, -18.2457,  0, 0, 0,  3,  X
P -2535.4783, 1031.7522, -295.7200,  240, 0, 0,  3,  X
P -927.6696, 2019.9811, -62.4651,  240, 0, 0,  3,  X
P -504.8680, 1908.5586, -60.7274,  0, 0, 0,  3,  X
P -1402.3091, 937.3690, 99.1553,  0, 0, 0,  3,  X
P 835.2294, 149.2721, -295.7134,  240, 0, 0,  3,  X
P -923.8212, 1330.3368, 39.4421,  0, 0, 0,  3,  X
P -495.9294, 1377.8379, -66.5579,  0, 0, 0,  3,  X
P -668.1151, 1487.0049, -38.4182,  240, 0, 0,  3,  X
P -103.1271, 462.2895, -295.7162,  240, 0, 0,  3,  X
P -1886.2549, 1067.3069, -16.2799,  0, 0, 0,  3,  X
P -944.0938, 978.4799, 33.5491,  0, 0, 0,  3,  X
P -2035.6106, 909.4459, -53.3594,  0, 0, 0,  3,  X
P -367.2734, 863.3446, -295.7254,  240, 0, 0,  3,  X
P 1265.0842, 966.0309, -295.7217,  240, 0, 0,  3,  X
