P 732.1614, -1909.0011, -70.8755,  0, 0, 0,  3,  Rockpile
P -111.6653, -1594.0939, 54.1709,  0, 0, 0,  3,  Rockpile
P -411.0627, -1504.1365, 52.5533,  0, 0, 0,  3,  Rockpile
P -475.5038, -1989.1089, 63.0374,  0, 0, 0,  3,  Rockpile
P 35.2053, -2200.1792, 75.0374,  0, 0, 0,  3,  Rockpile
P -664.4567, -1858.1464, 68.3856,  0, 0, 0,  3,  Rockpile
P 808.0244, -2486.1211, -89.1161,  0, 0, 0,  3,  Rockpile
P 280.1457, -2438.1265, -81.0506,  0, 0, 0,  3,  Rockpile
P -710.2086, -2505.0933, -79.2047,  0, 0, 0,  3,  Rockpile
P -825.1694, -1774.5292, 23.3090,  0, 0, 0,  3,  Rockpile
P -841.7253, -1281.6620, -82.5216,  0, 0, 0,  3,  Rockpile
P 47.9930, -292.9276, -96.4314,  0, 0, 0,  3,  Rockpile
P 494.9861, -1897.9976, 40.1881,  100, 0, 100,  1,  Rockpile
P 447.4033, -1249.2968, -90.0705,  0, 0, 0,  3,  Rockpile
P -736.7870, -589.3218, -56.7148,  0, 0, 0,  3,  Rockpile
P 32.0581, -609.9653, -107.5816,  0, 0, 0,  3,  Rockpile
P -742.4568, -913.1243, -100.7722,  0, 0, 0,  3,  Rockpile
P -606.9104, -376.4387, -26.8718,  100, 0, 100,  1,  Rockpile
P 438.9855, -604.1753, -76.7016,  0, 0, 0,  3,  Rockpile
P 1066.4264, -479.2643, -90.1829,  0, 0, 0,  3,  Rockpile
P 1521.8462, -891.4659, 99.6423,  0, 0, 0,  3,  Rockpile
P 377.3331, -1702.6235, 69.1306,  0, 0, 0,  1,  Rockpile
