P -248.3415, -1426.5972, 0.5570,  0, 0, 0,  3,  X
P -394.6021, 1425.4402, 0.6752,  0, 0, 0,  1,  X
P -1816.6504, 2078.8716, 2.1118,  0, 0, 0,  1,  X
P -914.6854, 2329.4695, 2.3520,  0, 0, 0,  1,  X
P -1419.7394, 1730.2471, 128.9123,  0, 0, 0,  1,  X
P 682.7682, 36.0017, 0.1386,  0, 0, 0,  1,  X
P 1005.0436, 473.0681, 118.8857,  0, 0, 0,  1,  X
P -33.1197, -586.4245, 6.9111,  0, 0, 0,  1,  X
P 1416.9994, 360.1215, 0.1895,  0, 0, 0,  1,  X
P 1647.0474, 810.6694, 1.6586,  0, 0, 0,  1,  X
P -353.3507, 1344.8119, -0.7606,  0, 0, 0,  1,  X
P -1477.8329, 1213.8667, 12.8560,  0, 0, 0,  1,  X
P -958.8729, 1836.0536, 105.9244,  0, 0, 0,  1,  X
P -588.5394, 2227.6907, 1.4700,  0, 0, 0,  1,  X
P -103.7779, 1193.0343, 3.8258,  0, 0, 0,  1,  X
P -772.8141, 1288.9446, -0.5393,  0, 0, 0,  1,  X
P -621.9603, 2343.1377, 2.8879,  0, 0, 0,  1,  X
P -70.3376, -47.9286, 0.6920,  0, 0, 0,  1,  X
P 381.7014, 380.4733, 0.7505,  0, 0, 0,  3,  X
P 438.8170, 428.6687, 33.3530,  0, 0, 0,  2,  Blue_Clay_Oil_Lamp,_Black_Clay_Oil_Lamp,_Green_Clay_Oil_Lamp_and_Green_Votive_Candle
