P -60.0000, -400.0000, -34.1348,  0, 0, 0,  3,  Empty_Nester:_shrooms,_fiend,_
P 1723.3777, -450.4224, -50.3041,  240, 0, 0,  3,  The_Ax_Forgets,_But_The_Tree_Remembers
P -900.0000, 1400.0000, -34.1348,  100, 0, 100,  3,  The_Unbearable_Weight_of_Massive_Teachings
P 300.8647, 1550.0000, -34.5320,  0, 0, 0,  3,  Vestiges_of_Rampage:_spirit-touched,_
P 394.7683, 223.4098, -31.8419,  240, 0, 0,  3,  X
P 202.8062, 298.0388, -36.1394,  240, 0, 0,  3,  X
P -679.2175, -133.3622, -58.7768,  100, 0, 100,  3,  X
P -1149.9650, 213.5547, -49.4114,  100, 0, 100,  3,  X
P -1105.5463, 321.2883, -53.2976,  100, 0, 100,  3,  X
P -959.6912, 607.3430, -40.0348,  100, 0, 100,  3,  X
P -945.7842, 880.5522, -61.9924,  100, 0, 100,  3,  X
P -1056.5127, 628.8787, -55.5843,  100, 0, 100,  3,  X
P -1101.2948, 991.3643, -66.8099,  100, 0, 100,  3,  X
P -1185.3290, 1067.7804, -37.2870,  100, 0, 100,  3,  X
P 881.8450, -100.9742, -60.8311,  240, 0, 0,  3,  X
P 1041.8412, 145.0212, -19.9485,  240, 0, 0,  3,  X
P 888.2610, 246.6344, 16.9586,  240, 0, 0,  3,  X
P 811.1518, -1232.8794, -49.1405,  240, 0, 0,  3,  X
P 567.1689, -1224.1294, -50.3040,  240, 0, 0,  3,  X
P 1179.4845, -1112.7693, -50.2032,  240, 0, 0,  3,  X
P 922.6099, 160.0484, 17.1084,  240, 0, 0,  3,  X
P 515.5518, 115.3240, -3.3035,  240, 0, 0,  3,  X
P -945.1545, 398.3366, -57.7917,  100, 0, 100,  3,  X
P -1108.1143, 1074.1471, -77.8823,  100, 0, 100,  3,  X
P 597.3043, -900.4362, -45.6855,  240, 0, 0,  3,  X
P -351.1289, 23.9366, -57.1110,  100, 0, 100,  3,  X
P 165.4810, 78.6718, -31.9123,  240, 0, 0,  3,  X
P 876.5596, -895.1545, -48.9990,  240, 0, 0,  3,  X
P 828.1312, -1451.6515, -86.3688,  240, 0, 0,  3,  X
P 811.6964, -1287.2378, -107.0213,  240, 0, 0,  3,  X
P -863.3965, 83.0172, -108.1419,  0, 0, 0,  3,  X
P -977.3287, 152.0412, -108.8087,  0, 0, 0,  3,  X
P -981.7598, 216.4290, -36.5340,  0, 0, 0,  3,  X
P 301.5321, 76.9597, -28.8088,  240, 0, 0,  3,  X
P -597.2438, -46.7880, -58.6134,  0, 0, 0,  3,  X
P 798.4437, 3.4770, -31.9013,  240, 0, 0,  3,  X
P 939.0000, 3.4770, 0.0000,  240, 0, 0,  3,  X
P -1165.0349, 1124.1521, -35.9668,  0, 0, 0,  3,  X
P -991.4474, 1175.7545, -78.7473,  0, 0, 0,  3,  X
P -943.2815, 1061.9485, -65.1062,  0, 0, 0,  3,  X
P -845.8362, 822.3163, -64.6259,  0, 0, 0,  3,  X
P -206.5156, 246.9410, -57.8768,  0, 0, 0,  3,  X
P 241.5596, 634.0432, -25.1744,  240, 0, 0,  3,  X
P 975.4119, -46.8286, -30.4077,  240, 0, 0,  3,  X
P -29.6978, 99.5251, -47.2952,  240, 0, 0,  3,  X
P -966.4238, 526.9657, -51.5126,  0, 0, 0,  3,  X
P 910.1127, -768.4285, -49.4180,  240, 0, 0,  3,  X
P -1200.4218, 1163.2179, -17.5681,  0, 0, 0,  3,  X
P -31.2174, 277.6027, -47.2922,  240, 0, 0,  3,  X
P -677.0773, -3.9833, -109.2606,  0, 0, 0,  3,  X
P 617.1785, -953.1392, -49.4456,  240, 0, 0,  3,  X
P 851.3178, -1040.1998, -98.4999,  240, 0, 0,  3,  X
P 898.5079, -884.6349, -49.4380,  240, 0, 0,  3,  X
P 571.2032, -1185.0214, -49.4355,  240, 0, 0,  3,  X
P -621.3013, 164.3750, -109.2761,  0, 0, 0,  3,  X
P 476.4715, 123.7464, 23.8587,  240, 0, 0,  3,  X
P 1094.8005, 574.5397, -14.2532,  240, 0, 0,  3,  X
P 218.9093, 156.6498, -3.7112,  240, 0, 0,  3,  X
P 757.1386, -1170.9918, -98.9377,  240, 0, 0,  3,  X
P 835.4635, -634.2277, -90.2033,  240, 0, 0,  3,  X
